Sample	Plate	RNA.Integrity	RNA.Concentration
IXTCB01359	1	8.1	31.2802868354105
IXTCB01353	1	7.7	90.5533576641846
IXTCB01352	1	5.6	28.8046318314604
IXTCB01338	1	9	36.7515764259246
IXTCB01365	1	8.7	32.2845836841318
IXTCB01414	1	5.3	85.4415672320043
IXTCB01379	1	7.9	46.5630274551713
IXTCB01361	1	6.7	58.7371069529879
IXTCB01363	1	8	117.881045684089
IXTCB01349	1	9.1	84.7956191443101
IXTCB01375	1	7.3	55.7282427973972
IXTCB01424	1	8.3	34.9768009810622
IXTCB01333	1	7.8	55.6569181643837
IXTCB01371	1	7.1	37.3696273789321
IXTCB01384	1	8.2	78.2743044121346
IXTCB01386	1	8.5	42.8052546529395
IXTCB01341	1	7.5	35.5410708599829
IXTCB01355	1	8.7	49.6972849171889
IXTCB01360	1	8.1	38.3698978370801
IXTCB01420	1	8.5	60.3784363102768
IXTCB01340	1	8	63.0821575802738
IXTCB01383	1	8.3	39.1993342951879
IXTCB01399	1	8.2	65.5474590084639
IXTCB01403	1	8.9	52.5867953522129
IXTCB01356	1	8.3	53.0213579348068
IXTCB01366	1	8.8	42.7589511613461
IXTCB01372	1	6.4	151.575607597748
IXTCB01427	1	8	94.4526293351366
IXTCB01331	1	8.8	60.1774043809366
IXTCB01367	1	8.8	58.7592521011413
IXTCB01391	1	8.3	35.2543343312959
IXTCB01421	1	8.1	186.874110956229
IXTCB01434	1	8	29.2095716834076
IXTCB01343	1	6.5	32.145385610025
IXTCB01392	1	7.5	58.9188697274415
IXTCB01369	1	8	69.6526517973095
IXTCB01335	1	8.7	89.8993567953437
IXTCB01381	1	7.7	34.5468399876949
IXTCB01405	1	8.9	64.9558671935097
IXTCB01425	1	8.4	141.409258999394
IXTCB01411	1	6.7	80.5572678672177
IXTCB01377	1	7.2	52.3357211400325
IXTCB01336	1	7.7	64.0065018161818
IXTCB01374	1	8.2	31.8129207883979
IXTCB01404	1	8.5	31.0295002225568
IXTCB01388	1	7.5	27.989575339686
IXTCB01380	1	8	30.5480589497161
IXTCB01393	1	8.3	29.2854979056477
IXTCB01364	1	8.1	64.2800087758421
IXTCB01345	1	8	41.1863580431306
IXTCB01406	1	6.9	30.5644521113362
IXTCB01394	1	8.3	61.3470708424915
IXTCB01408	1	7.9	40.3212592685161
IXTCB01373	1	8	35.8959684290901
IXTCB01339	1	8.4	46.8903154889184
IXTCB01429	1	8.5	62.2248239874793
IXTCB01428	1	3.6	36.0599000452903
IXTCB01402	1	7.9	132.779553603422
IXTCB01432	1	8.2	44.645602744282
IXTCB01347	1	7.4	78.9717327793022
IXTCB01437	1	8	25.7028730933562
IXTCB01436	1	8.4	101.115155336706
IXTCB01439	1	7.8	110.766988739652
IXTCB01350	1	7.9	86.397259794519
IXTCB01397	1	7.8	48.5908903075007
IXTCB01332	1	8.4	37.4139176752388
IXTCB01346	1	8.1	39.1346244466879
IXTCB01357	1	7.9	25.3922658205558
IXTCB01409	1	4.8	85.9529188348184
IXTCB01387	1	7.6	81.5466095509524
IXTCB01506	1	7.4	53.3779810998739
IXTCB01415	1	8	51.0162154292841
IXTCB01337	1	8.5	27.7249839591523
IXTCB01354	1	7.9	28.1198578346662
IXTCB01370	1	8.1	96.5477904299062
IXTCB01422	1	7.9	40.8838035514769
IXTCB01407	1	7.5	43.871672956221
IXTCB01442	2	8.3	32.858056741506
IXTCB01430	2	6.6	214.5023402725
IXTCB01460	2	8.2	43.9102112659944
IXTCB01512	2	8.9	78.4713099509015
IXTCB01483	2	8.3	53.8424540124412
IXTCB01501	2	8.5	31.0778169094369
IXTCB01523	2	8.6	70.3380009927571
IXTCB01444	2	5.7	80.7370174463846
IXTCB01438	2	5.8	222.188432277678
IXTCB01472	2	8.4	42.8509829458796
IXTCB01505	2	8.2	39.2643317430147
IXTCB01515	2	8.9	99.5442878144502
IXTCB01417	2	8.9	42.1144410702853
IXTCB01435	2	7.8	25.1147324703221
IXTCB01463	2	8.6	69.8358525683964
IXTCB01510	2	6.1	191.93672190355
IXTCB01461	2	8.7	67.1490996586727
IXTCB01476	2	8.2	33.4280786069601
IXTCB01489	2	7.8	30.1215491482689
IXTCB01498	2	7.6	96.6150886723463
IXTCB01423	2	8.4	29.6426962693682
IXTCB01443	2	8.7	38.6229852445472
IXTCB01481	2	8.6	35.5341684761429
IXTCB01521	2	7.1	103.224983997135
IXTCB01477	2	8.4	88.0152936063478
IXTCB01494	2	8.7	62.6096318865599
IXTCB01511	2	8.2	36.0716916176837
IXTCB01514	2	8.8	93.7157998602156
IXTCB01376	2	8.3	91.1138887518588
IXTCB01508	2	8.3	30.7467900844431
IXTCB01452	2	8.9	74.1754388084757
IXTCB01487	2	8.3	47.2656326102189
IXTCB01464	2	7.3	45.2167750070428
IXTCB01480	2	7.7	82.480732163967
IXTCB01479	2	8	81.8715967900862
IXTCB01462	2	8.4	62.3594204723595
IXTCB01396	2	8.1	68.302948157261
IXTCB01455	2	8.6	46.3775258894711
IXTCB01507	2	8.2	38.541019436447
IXTCB01484	2	8.4	62.4275815127796
IXTCB01499	2	8.4	48.1652433040335
IXTCB01475	2	7.6	77.1627330145664
IXTCB01445	2	8.2	165.277702318147
IXTCB01426	2	8.4	70.6362414945108
IXTCB01395	2	8.5	100.140481218631
IXTCB01470	2	7.3	43.7333376800941
IXTCB01482	2	6.8	26.997932861338
IXTCB01466	2	8.4	74.7305055089431
IXTCB01465	2	8.3	41.1440809421106
IXTCB01446	2	8.6	113.823019184816
IXTCB01431	2	7.8	57.1403554913324
IXTCB01410	2	8.4	29.194616518421
IXTCB01491	2	8.1	45.5460762360766
IXTCB01500	2	8.2	79.067790954409
IXTCB01504	2	8.6	49.000144149348
IXTCB01486	2	7.7	41.8403589119715
IXTCB01448	2	8.3	49.3052870349417
IXTCB01453	2	8.1	53.3210364331939
IXTCB01401	2	7.6	95.2950077629444
IXTCB01457	2	8.8	106.44408326052
IXTCB01497	2	8.6	44.6280591853554
IXTCB01485	2	7.7	55.861401285644
IXTCB01469	2	8.4	128.58347942735
IXTCB01451	2	5.6	69.550266437016
IXTCB01456	2	8.7	38.0995544700131
IXTCB01416	2	7.8	44.4261644580351
IXTCB01467	2	7.1	92.287581603987
IXTCB01513	2	8.2	51.2681524394444
IXTCB01503	2	8.7	105.137231920145
IXTCB01490	2	5.9	57.8570530133867
IXTCB01433	2	7.5	83.8315862013222
IXTCB01449	2	8	62.1431457787059
IXTCB01459	2	8.1	29.1951917170743
IXTCB01458	2	9.1	84.72486970995
IXTCB01474	2	7.9	93.8331403854958
IXTCB01516	2	6.9	171.000066120841
IXTCB01488	2	7	60.772159788484
IXTCB01440	2	7.8	72.2355813501063
IXTCB01454	2	8.6	68.6310989889881
IXTCB01468	2	8.4	42.5616580232525
IXTCB01493	2	8.6	43.1371442759133
IXTCB01526	2	8.6	101.904040289753
IXTCB01509	2	8	68.0452591605673
IXTCB01522	3	7.2	59.0201357179691
IXTCB01529	3	7.2	87.8211989879973
IXTCB01530	3	9.3	58.7198838120213
IXTCB01518	3	8.7	73.4912432822435
IXTCB01537	4	9.2	36.124527
IXTCB01538	4	8.8	80.28954
IXTCB01539	4	10	30.20727166
IXTCB01540	4	6.4	97.36137108
IXTCB00003	1	9	110
IXTCB00015	1	9	73
IXTCB00039	1	8.8	137
IXTCB00087	1	8.8	65
IXTCB00006	1	8.5	71
IXTCB00018	1	9	66
IXTCB00042	1	8.8	64
IXTCB00054	1	8.6	180
IXTCB00066	1	8.7	66
IXTCB00090	1	8.8	54
IXTCB00009	1	8.9	81
IXTCB00021	1	9.1	93
IXTCB00012	1	9	132
IXTCB00045	1	8.9	84
IXTCB00057	1	9.2	121
IXTCB00069	1	8.4	46
IXTCB00081	1	8.7	41
IXTCB00093	1	8.7	52
IXTCB00024	1	9	89
IXTCB00036	1	8.6	54
IXTCB00048	1	8.9	101
IXTCB00072	1	8.9	81
IXTCB00084	1	8.9	73
IXTCB00099	2	10	57
IXTCB00123	2	10	77
IXTCB00135	2	9.9	180
IXTCB00147	2	9.2	49
IXTCB00159	2	10	67
IXTCB00183	2	8.5	34
IXTCB00102	2	8.5	32
IXTCB00174	2	10	70
IXTCB00186	2	10	60
IXTCB00105	2	9.1	44
IXTCB00141	2	8.9	31
IXTCB00153	2	10	74
IXTCB00177	2	9.6	115
IXTCB00189	2	7.8	26
IXTCB00120	2	8.7	35
IXTCB00132	2	10	64
IXTCB00144	2	10	59
IXTCB00180	2	10	55
IXTCB00192	2	8.2	31
IXTCB00195	3	8.7	47
IXTCB00207	3	8	38
IXTCB00243	3	8.7	59
IXTCB00255	3	9	63
IXTCB00267	3	8.9	59
IXTCB00279	3	9.2	103
IXTCB00222	3	8.8	52
IXTCB00234	3	8.8	51
IXTCB00246	3	8.7	43
IXTCB00270	3	9	90
IXTCB00282	3	8.5	130
IXTCB00201	3	8.9	51
IXTCB00213	3	9.2	155
IXTCB00249	3	9	52
IXTCB00273	3	8.9	60
IXTCB00285	3	8.9	78
IXTCB00204	3	9.2	68
IXTCB00228	3	9.1	109
IXTCB00252	3	9.1	42
IXTCB00264	3	8.1	91
IXTCB00276	3	8.9	51
IXTCB00288	3	9.1	80
IXTCB00291	4	7.8	55
IXTCB00303	4	7.8	44
IXTCB00315	4	7.9	39
IXTCB00327	4	8.8	47
IXTCB00339	4	8.9	54
IXTCB00351	4	8.7	61
IXTCB00363	4	7.8	33
IXTCB00375	4	9.3	98
IXTCB00294	4	8.2	36
IXTCB00330	4	8.7	64
IXTCB00378	4	9.2	91
IXTCB00297	4	9	90
IXTCB00309	4	9.4	67
IXTCB00333	4	8.7	40
IXTCB00369	4	8.7	52
IXTCB00381	4	8.6	50
IXTCB00300	4	8.7	70
IXTCB00312	4	8.8	50
IXTCB00324	4	8.7	71
IXTCB00336	4	9.1	74
IXTCB00348	4	8.7	98
IXTCB00360	4	8.7	66
IXTCB00399	5	8	64
IXTCB00411	5	8.7	61
IXTCB00435	5	8.4	85
IXTCB00447	5	8.7	44
IXTCB00402	5	8.6	66
IXTCB00414	5	8.8	45
IXTCB00426	5	8.4	66
IXTCB00438	5	8.5	96
IXTCB00450	5	9.5	131
IXTCB00462	5	8.9	106
IXTCB00417	5	8.5	41
IXTCB00429	5	7.9	74
IXTCB00441	5	9	112
IXTCB00477	5	7	34
IXTCB00396	5	8.6	67
IXTCB00420	5	8.5	32
IXTCB00432	5	8.4	58
IXTCB00456	5	7.8	26
